84
67
52
38
27
17
8
-1
-10
-20
-32
-45
-57
-69
-79
-87
-90
-88
-83
-73
-59
-43
-26
-9
7
22
33
41
44
43
36
25
8
-14
-40
-70
-104
-141
-181
-223
-268
-315
-364
-416
-468
-521
-572
-620
-664
-700
-729
-750
-762
-766
-763
-755
-745
-732
-719
-704
-689
-672
-653
-629
-602
-570
-534
-496
-457
-419
-382
-349
-319
-292
-266
-239
-212
-182
-150
-115
-79
-43
-9
23
52
78
101
122
141
161
181
201
223
245
266
286
303
319
331
340
347
352
354
354
352
348
342
334
326
318
310
304
300
298
298
300
302
304
305
305
303
300
297
295
296
298
304
313
325
337
350
362
372
379
385
388
390
391
392
393
394
394
394
393
391
387
382
375
368
359
350
340
329
317
303
287
268
247
225
200
175
151
127
105
85
67
52
39
28
18
9
1
-8
-16
-25
-34
-44
-54
-63
-72
-81
-88
-95
-100
-103
-104
-103
-102
-98
-94
-90
-84
-79
-74
-69
-66
-64
-64
-68
-74
-83
-95
-110
-125
-141
-156
-169
-179
-185
-189
-190
-190
-191
-193
-197
-204
-213
-224
-237
-249
-260
-270
-276
-280
-282
-282
-280
-278
-275
-273
-270
-267
-263
-259
-253
-246
-237
-229
-219
-210
-202
-194
-187
-181
-176
-170
-165
-160
-155
-149
-142
-134
-126
-118
-109
-100
-92
-84
-76
-68
-61
-53
-45
-36
-25
-12
2
18
36
53
70
85
96
105
109
111
109
106
103
101
101
104
109
117
127
137
146
155
161
164
166
166
165
164
164
163
163
163
162
159
155
148
140
130
119
109
101
94
90
88
88
89
91
93
94
94
93
90
88
85
82
80
79
80
82
85
90
95
102
110
119
129
139
150
160
169
177
182
183
178
167
147
118
78
28
-31
-99
-172
-247
-322
-392
-454
-506
-547
-576
-593
-601
-602
-598
-593
-587
-584
-583
-585
-588
-593
-596
-596
-591
-580
-563
-537
-504
-464
-417
-364
-308
-249
-189
-131
-76
-26
18
56
88
113
133
149
162
174
187
201
218
237
257
279
301
320
337
350
358
363
363
362
360
359
361
365
373
384
397
409
420
428
431
429
421
410
397
382
368
355
346
340
337
336
337
337
335
331
324
314
300
284
265
246
226
207
189
173
158
145
133
122
110
99
87
74
61
47
33
19
6
-6
-17
-27
-36
-44
-50
-56
-60
-64
-67
-70
-72
-75
-78
-82
-88
-94
-103
-113
-123
-134
-143
-152
-158
-162
-164
-164
-162
-160
-157
-155
-153
-152
-151
-149
-147
-143
-137
-128
-116
-102
-86
-70
-54
-40
-28
-20
-15
-13
-14
-17
-22
-26
-31
-36
-39
-43
-46
-50
-55
-61
-68
-75
-81
-85
-86
-85
-80
-72
-63
-54
-46
-41
-40
-43
-51
-62
-76
-92
-107
-120
-132
-140
-146
-149
-150
-150
-149
-148
-146
-144
-141
-137
-132
-126
-120
-112
-105
-97
-90
-84
-78
-74
-70
-67
-64
-60
-57
-53
-48
-42
-36
-30
-23
-17
-11
-5
0
4
8
10
13
15
16
18
19
20
21
21
19
16
11
5
-3
-12
-20
-29
-36
-41
-43
-44
-43
-40
-37
-34
-32
-31
-32
-34
-36
-38
-39
-38
-36
-31
-25
-17
-8
0
8
14
18
21
22
21
19
17
15
13
12
12
12
14
17
20
23
26
28
30
31
32
33
35
37
42
50
60
73
90
108
127
146
164
179
191
199
204
207
208
208
208
210
213
217
223
228
233
236
235
232
225
216
204
193
182
174
169
168
172
179
189
201
214
227
239
249
256
260
261
256
247
231
208
179
142
98
49
-5
-61
-117
-172
-224
-272
-315
-353
-387
-417
-445
-469
-492
-513
-531
-545
-556
-563
-564
-560
-552
-540
-524
-506
-485
-463
-439
-413
-386
-358
-329
-299
-269
-240
-212
-186
-161
-138
-116
-95
-73
-51
-27
-2
24
52
80
107
134
159
183
206
227
247
266
283
300
315
328
339
348
354
358
360
360
359
355
349
341
331
319
304
287
269
251
232
216
201
188
179
172
168
166
165
165
165
165
165
166
165
165
163
159
154
147
139
128
116
105
95
87
82
81
83
88
96
103
109
113
113
111
105
97
88
79
71
66
62
61
60
59
56
50
41
29
14
-2
-19
-34
-48
-59
-67
-74
-80
-87
-96
-108
-124
-143
-164
-187
-210
-230
-248
-262
-273
-281
-288
-295
-304
-314
-327
-340
-353
-365
-373
-377
-377
-372
-365
-357
-349
-344
-341
-342
-345
-350
-355
-359
-360
-358
-353
-346
-336
-326
-316
-306
-296
-286
-273
-258
-240
-218
-193
-165
-136
-107
-79
-54
-32
-13
3
18
31
46
62
79
99
121
144
167
191
214
234
252
267
277
283
285
283
278
271
264
257
252
250
251
253
258
263
267
269
269
266
260
253
246
238
231
225
220
214
208
199
188
174
158
140
122
105
90
79
71
66
64
64
63
62
59
53
45
36
25
14
2
-8
-18
-27
-35
-43
-50
-57
-64
-70
-76
-83
-89
-96
-104
-113
-122
-132
-141
-151
-159
-166
-170
-171
-170
-167
-161
-155
-148
-141
-135
-128
-122
-116
-110
-104
-98
-93
-88
-82
-76
-68
-59
-46
-31
-12
8
30
51
69
83
91
93
89
81
71
61
54
51
54
62
73
88
102
115
125
132
134
134
132
130
129
129
130
132
134
135
134
129
122
113
103
93
84
77
72
70
69
69
70
70
70
69
67
66
65
65
66
67
69
70
70
69
67
63
57
51
45
38
33
28
24
22
20
19
20
20
21
23
23
24
23
22
20
17
13
10
7
4
4
4
6
9
13
16
18
19
17
13
7
-2
-13
-25
-38
-51
-63
-74
-83
-89
-91
-89
-84
-74
-62
-48
-34
-20
-8
0
5
6
3
-2
-8
-14
-17
-17
-12
-2
13
32
54
78
101
120
135
143
142
130
109
77
35
-15
-72
-132
-195
-257
-317
-372
-422
-467
-506
-541
-571
-597
-620
-641
-659
-675
-689
-699
-707
-711
-711
-706
-697
-683
-664
-639
-609
-573
-533
-490
-444
-397
-351
-307
-267
-229
-196
-165
-137
-109
-81
-51
-19
15
52
90
129
167
204
240
274
306
336
364
390
414
437
457
474
489
500
508
514
517
519
521
524
526
530
534
537
539
539
537
532
523
513
501
488
475
464
454
445
438
431
424
416
407
397
386
375
364
355
349
344
342
342
342
341
339
335
328
318
307
294
281
270
260
251
245
239
234
227
218
207
193
175
155
132
108
82
56
30
5
-21
-46
-70
-94
-118
-139
-160
-178
-194
-208
-220
-230
-240
-248
-256
-265
-273
-282
-291
-299
-307
-314
-320
-323
-326
-327
-327
-326
-325
-324
-325
-326
-328
-332
-336
-341
-346
-350
-352
-354
-354
-352
-349
-346
-343
-340
-339
-339
-341
-344
-349
-354
-358
-362
-365
-365
-363
-360
-354
-346
-338
-329
-320
-312
-305
-298
-293
-289
-285
-281
-277
-273
-268
-261
-253
-244
-233
-222
-209
-195
-179
-161
-142
-120
-95
-70
-43
-15
11
35
55
71
83
89
91
89
85
80
76
74
74
77
82
87
93
97
100
101
100
99
99
101
106
116
130
148
168
190
210
226
239
246
247
245
240
233
228
224
223
226
230
236
241
245
246
244
239
231
222
212
204
198
195
194
197
201
205
210
214
217
219
220
221
221
221
222
223
224
224
224
222
219
216
212
208
204
202
201
201
201
202
201
200
198
194
190
185
181
178
175
174
173
173
173
172
170
167
164
160
156
152
149
146
144
141
139
135
131
126
121
115
109
103
97
91
84
77
69
61
53
46
40
37
37
40
47
56
67
78
86
92
92
88
78
64
47
28
8
-10
-26
-39
-49
-56
-61
-64
-67
-70
-74
-79
-85
-92
-99
-106
-112
-115
-116
-114
-108
-101
-91
-81
-72
-64
-60
-60
-65
-75
-91
-112
-139
-172
-210
-253
-301
-353
-408
-465
-523
-580
-633
-683
-726
-763
-792
-815
-832
-844
-854
-861
-866
-871
-874
-875
-873
-867
-857
-841
-819
-793
-761
-725
-686
-644
-601
-556
-510
-464
-419
-373
-330
-287
-247
-209
-174
-142
-111
-83
-56
-29
-3
24
52
81
111
143
175
209
242
275
307
336
364
387
407
422
433
440
443
443
441
438
435
432
430
429
429
430
432
434
435
436
436
435
432
427
420
410
399
385
369
352
334
318
302
289
279
273
271
273
278
285
293
302
310
315
319
320
318
314
309
303
299
295
294
296
300
305
312
319
325
329
330
329
325
319
310
300
289
276
262
246
227
207
185
161
137
115
95
79
69
64
63
67
72
76
78
76
69
58
42
23
4
-14
-30
-42
-50
-55
-59
-63
-69
-78
-89
-103
-118
-133
-147
-158
-165
-170
-172
-172
-172
-173
-176
-180
-187
-195
-202
-207
-210
-210
-206
-200
-192
-185
-178
-173
-169
-168
-168
-168
-168
-167
-165
-162
-158
-155
-151
-149
-149
-148
-149
-148
-147
-143
-137
-129
-120
-110
-99
-89
-79
-70
-61
-51
-40
-29
-16
-3
9
19
27
32
33
30
26
20
14
10
9
10
14
20
26
31
35
37
36
33
29
25
21
20
22
25
32
40
49
59
69
78
87
96
103
110
115
118
119
118
113
105
95
84
71
59
48
38
29
21
13
4
-8
-23
-41
-63
-88
-116
-146
-177
-208
-239
-271
-303
-337
-372
-409
-447
-484
-519
-549
-574
-590
-597
-595
-585
-567
-544
-517
-490
-464
-440
-418
-399
-382
-367
-353
-339
-326
-313
-300
-287
-275
-264
-253
-242
-231
-220
-207
-194
-179
-162
-142
-121
-96
-68
-38
-5
30
67
103
137
169
197
220
237
250
260
266
271
275
280
285
290
296
301
306
309
312
314
316
318
321
325
329
334
337
339
338
335
329
321
312
301
291
280
270
260
250
240
229
220
211
205
202
204
210
220
234
251
268
284
297
307
313
315
313
310
305
300
295
291
287
282
275
266
255
242
226
210
195
180
168
159
152
149
147
147
147
146
144
140
134
126
116
105
93
82
71
61
52
44
38
31
25
18
9
-2
-14
-27
-41
-55
-67
-78
-87
-93
-98
-102
-106
-111
-119
-129
-141
-155
-169
-182
-192
-197
-199
-196
-191
-184
-178
-175
-175
-179
-186
-195
-204
-212
-215
-214
-208
-197
-183
-168
-153
-141
-131
-125
-122
-120
-118
-115
-109
-101
-90
-77
-62
-48
-34
-23
-13
-6
1
6
12
19
27
36
46
